6
ABCDEF
1 2 3 4 5 9

20
EBACGAHIBICFAGIEGAAD
353 908 553 599 280 847 862 768 403 816 368 363 617 480 898 943 795 725 560 705 
14
EABFFBFBDIHAFD
364 586 831 152 784 754 705 368 879 55 100 624 165 413 
99
FCBJJIIEJEIGHABIFAJJFAAEDJBHCBAJCCBABBGAJFIEGFIBGDECIIAHCEHHAJAEFABEBABDAIJABICJJCCHIJDFCCHGBAGEEGE
348 735 671 123 646 806 579 434 341 63 798 397 134 45 824 804 609 773 652 286 563 745 745 120 439 897 181 558 283 708 118 935 573 446 70 260 321 111 438 130 705 36 889 880 59 534 498 357 307 795 645 612 442 649 521 912 1001 432 470 424 806 718 615 365 337 650 125 306 713 723 196 370 901 403 176 715 56 319 836 751 775 932 508 262 679 930 991 835 554 433 790 844 77 546 945 572 755 690 48 
18
GHJDGBJGGCEJIGFDDI
291 757 545 468 965 941 848 520 679 111 648 426 816 272 512 537 849 454 
59
DCGBFCIIECHEBFIEGJCBHBJIEABDECGIJCJGCFDHEBIIEGJIIGHBIECBCCI
479 868 898 975 102 494 93 856 143 735 60 269 515 857 143 990 454 201 980 685 54 962 635 739 392 627 737 329 919 625 430 985 291 168 95 918 831 972 198 366 34 796 401 565 806 454 604 586 365 541 646 653 904 865 106 35 135 20 835 
83
FCHCIAAEIBCGJEJBJHHFFAGAEAFCIDADADAFEHFFGBBIBDDGBHDGGHECDGIEGJFAIBDGAIJJHCIHHFHEHGG
509 893 655 424 430 965 41 22 174 399 818 999 837 320 668 388 315 159 346 268 282 441 82 740 228 956 76 446 739 845 637 130 717 532 736 478 878 607 167 991 330 597 156 983 527 251 211 728 82 813 340 197 367 388 749 451 498 244 593 919 804 477 656 463 187 600 813 505 851 917 348 81 160 165 74 302 876 847 311 126 371 521 619 
98
AJJJGHFGEIIGAHHBCCCIEAEJJIGFGJFJHABEABDHADAGGBCECIABBFHGECDHHIJADCEHFDACHGAFHHGHEIJIGHBCHJCEJJIGFD
409 444 839 939 125 642 717 88 615 865 891 302 690 246 998 617 143 84 311 635 416 917 208 64 137 541 128 668 988 855 30 145 678 593 872 389 54 467 59 297 377 546 93 834 610 817 32 535 635 123 169 743 111 709 936 474 626 686 449 253 346 550 493 763 759 546 579 597 488 719 676 589 400 272 856 333 932 485 241 376 247 464 749 266 294 18 1000 568 241 502 308 256 883 184 720 985 983 54 
100
AHHFAHFAFBHBEDGCIBDECHBIHHJDHGHBDDFFHGGEIEHCIJJJEHJEBEGGACFBEFGDCBABIJDHIBJJDAGEFJIHCHHJGCAIECIFDJEA
501 19 820 742 286 620 22 934 933 681 78 255 579 348 933 173 888 522 710 220 994 446 703 573 125 955 229 670 76 108 738 719 88 863 563 223 858 275 500 257 213 66 1008 595 126 60 1002 733 936 835 845 184 69 819 651 495 752 283 645 695 857 848 185 89 59 293 816 207 756 74 437 485 377 766 441 770 82 217 519 455 902 829 513 381 388 390 44 897 322 975 446 564 940 836 704 462 920 787 130 656 
66
DDCEJEDEBJFGHEAHBBGBGAHBFDEAHDHIFABGIJECGEIGACABHIHDCCHAGIHCJCIIFG
337 739 426 447 223 636 193 909 592 25 848 11 502 634 706 72 118 672 394 813 757 937 757 405 83 661 102 979 272 11 906 855 779 501 665 322 166 554 155 670 798 864 91 259 598 396 301 982 17 433 363 776 641 677 773 573 434 473 547 277 1007 271 605 249 561 930 
23
DIGCFHCEDJHJCEBCAGHEJCC
329 812 91 761 413 463 588 797 653 920 352 731 793 546 138 300 677 753 633 878 364 185 337 
