4
1 2 3 4

4
4 3 2 2

5
1 3 2 3 4

7
1 3 5 3 4 5 4

8
1 2 3 4 5 4 3 2

9
4 5 4 2 1 5 3 1 4

90
565 135 577 545 127 622 174 902 722 392 832 689 358 14 715 411 279 205 649 55 38 356 177 340 66 673 389 631 949 311 77 619 796 469 267 936 926 289 340 813 946 45 928 1004 765 192 19 105 710 599 86 406 65 473 144 497 106 186 409 887 316 20 933 868 775 206 1003 824 344 936 187 635 298 730 509 46 472 812 388 553 849 509 130 885 941 280 945 84 451 551 
76
31 482 765 612 788 60 158 192 677 317 392 75 838 773 683 263 257 723 372 492 782 752 702 427 834 696 27 46 263 901 56 615 540 815 637 13 586 600 781 332 786 969 690 103 50 983 21 408 885 366 370 989 501 209 848 427 511 402 105 237 772 475 127 933 492 23 551 593 602 519 435 821 467 862 345 354 
82
905 719 548 547 967 786 719 498 242 929 335 474 757 556 278 570 593 799 179 946 664 658 200 243 275 745 393 24 403 92 124 814 124 10 720 328 721 529 913 642 392 231 348 915 941 668 526 375 816 432 32 534 763 11 103 608 601 311 97 262 604 355 837 771 217 258 997 821 632 968 713 199 485 476 668 408 808 738 288 949 686 800 
82
175 560 792 52 156 906 776 794 250 779 387 252 268 252 586 597 180 929 256 92 905 381 931 922 92 127 109 263 443 504 396 395 776 137 796 805 878 195 432 68 331 972 650 976 178 522 330 868 54 370 164 467 125 610 137 272 426 278 484 253 302 855 337 540 480 421 395 359 453 698 104 245 654 713 158 516 188 838 10 729 849 953 
58
980 90 201 123 814 195 163 932 549 546 909 899 285 844 564 490 634 68 924 18 453 265 454 427 523 879 607 869 477 595 69 249 299 161 165 739 689 982 586 441 724 989 43 576 890 984 993 391 935 829 458 929 925 477 81 405 859 163 
94
249 580 318 73 716 762 775 955 228 622 489 493 837 238 693 172 762 882 723 121 999 274 16 511 720 414 868 997 181 997 992 801 286 861 450 391 111 690 91 412 339 106 263 594 846 48 554 287 140 176 964 904 897 409 991 875 776 750 226 721 741 61 55 372 562 324 148 69 718 323 953 780 361 31 470 48 948 464 596 923 537 615 94 333 705 144 360 169 871 557 493 574 243 19 
71
121 705 785 278 21 354 13 487 450 16 61 969 974 394 131 186 464 788 861 940 794 680 533 574 425 157 856 820 989 714 436 694 756 670 259 358 807 828 826 428 929 208 45 886 251 109 310 193 173 915 372 885 197 559 82 578 336 382 516 177 236 525 845 446 741 414 450 141 764 444 555 
95
896 633 91 762 73 171 392 146 602 931 432 440 24 654 786 994 320 800 217 623 879 888 663 76 603 67 832 485 705 372 560 420 781 595 680 32 979 830 863 491 282 283 977 747 160 111 568 623 258 469 590 255 48 321 548 565 786 232 790 965 239 576 998 167 316 715 626 363 902 306 42 134 76 286 51 752 207 390 368 973 802 65 886 357 891 396 681 175 897 273 250 613 593 505 626 
58
611 699 487 525 321 846 247 539 634 408 85 405 341 876 880 191 775 805 835 948 333 297 135 117 179 557 297 97 861 400 413 756 746 982 981 751 750 927 32 569 586 64 191 614 838 694 100 649 689 770 305 669 365 152 211 135 481 205 
35
885 445 222 731 585 75 724 831 860 91 638 255 180 708 213 787 32 538 187 718 411 299 579 845 648 953 685 340 126 842 120 320 852 423 477 
19
850 194 59 554 933 841 576 76 851 738 284 303 297 887 351 820 266 344 570 
66
393 352 882 820 184 356 624 1003 822 17 824 422 157 841 300 608 603 917 493 337 719 278 792 458 657 773 138 922 344 436 863 653 726 367 257 673 686 646 148 35 832 137 626 278 203 819 491 392 877 844 348 70 375 551 893 737 761 556 78 41 1007 395 43 805 584 129 
30
853 802 703 590 566 890 12 17 308 204 802 624 871 594 178 249 958 773 761 800 126 220 877 115 560 430 668 801 875 579 
80
559 192 926 931 380 556 50 681 853 821 770 330 716 16 523 255 889 17 387 25 549 509 194 594 1003 605 915 962 836 101 879 61 157 862 613 570 346 733 762 709 478 198 103 100 763 765 938 962 818 543 122 443 343 205 630 900 922 525 254 167 554 210 897 626 915 668 113 259 142 495 931 293 660 124 791 358 785 815 509 847 
39
652 566 310 544 41 481 749 300 438 905 470 172 727 581 315 819 973 129 265 747 685 749 331 699 26 867 607 429 394 115 231 405 736 963 462 229 597 939 678 
44
647 401 766 890 47 441 531 444 182 957 438 218 293 340 888 323 55 494 298 207 675 577 929 58 791 673 189 295 595 995 836 773 70 73 426 774 261 612 31 976 859 65 490 852 
10
615 515 933 732 414 619 309 832 80 67 
37
347 176 62 482 839 934 775 426 583 968 229 888 34 800 554 150 207 246 840 755 402 385 902 855 782 377 472 488 411 226 909 943 164 916 507 930 395 
69
441 919 173 814 881 464 926 1009 289 832 87 395 410 970 831 42 264 829 372 615 735 131 419 481 949 186 803 11 420 792 251 690 773 697 51 925 744 417 146 148 434 170 685 595 244 806 413 708 293 103 669 77 447 779 400 548 273 484 533 44 26 218 465 725 99 920 756 816 435 
50
948 42 629 657 483 363 398 392 435 953 320 807 597 665 211 586 601 97 601 944 406 252 131 677 864 977 964 731 158 305 297 429 669 1003 566 282 203 462 685 861 912 626 186 983 958 913 990 319 568 714 
